#Distance	de Blok THINGS (NGC 2403)						
#Radius	Vobs	Verr	Vgas	Vdisk	Vbul	These LUminosity are just placeholders	
#kpc	km/s	km/s	km/s	km/s	km/s	L/pc^2	L/pc^2
0.058	2.177	3.539	0	2.182	0	0.1	0.1
0.123	16.137	2.218	0	9.551	0	0.1	0.1
0.174	22.572	2.295	0	14.007	0	0.1	0.1
0.252	32.388	1.92	0	23.561	0	0.1	0.1
0.291	39.703	1.328	0	31.386	0	0.1	0.1
0.369	46.349	3.187	0	36.103	0	0.1	0.1
0.447	53.438	5.246	0	40.738	0	0.1	0.1
0.499	60.2	3.886	0	44.304	0	0.1	0.1
0.563	64.018	3.621	0	46.894	0	0.1	0.1
0.641	67.508	5.068	0	48.308	0	0.1	0.1
0.686	71.58	5.18	0	49.997	0	0.1	0.1
0.758	75.906	5.208	0	52.033	0	0.1	0.1
0.823	77.978	5.36	0	54.004	0	0.1	0.1
0.875	78.742	4.672	0	54.8	0	0.1	0.1
0.952	79.287	4.538	0	55.483	0	0.1	0.1
1.041	80.213	3.644	0	56.305	0	0.1	0.1
1.069	78.633	4.551	0	57.099	0	0.1	0.1
1.16	78.305	6.315	0	57.782	0	0.1	0.1
1.199	80.378	5.624	0	58.784	0	0.1	0.1
1.302	81.25	5.208	1.271	60.148	0	0.1	0.1
1.33	82.559	4.609	2.46	61.3	0	0.1	0.1
1.357	84.197	3.482	3.842	62.946	0	0.1	0.1
1.458	84.413	5.101	5.39	63.962	0	0.1	0.1
1.51	85.722	5.276	5.291	64.807	0	0.1	0.1
1.575	87.576	6.435	4.964	65.768	0	0.1	0.1
1.614	90.085	5.915	4.398	66.172	0	0.1	0.1
1.691	91.939	6.115	3.431	66.298	0	0.1	0.1
1.752	93.163	6.533	0	66.599	0	0.1	0.1
1.795	94.12	5.93	0.858	67.008	0	0.1	0.1
1.873	94.556	5.624	2.906	66.956	0	0.1	0.1
1.938	95.538	5.594	5.217	67.247	0	0.1	0.1
2.015	96.956	5.951	4.639	67.638	0	0.1	0.1
2.054	98.265	5.05	4.437	67.828	0	0.1	0.1
2.107	97.811	6.217	4.174	67.927	0	0.1	0.1
2.223	98.374	5.671	3.427	68.018	0	0.1	0.1
2.236	96.411	6.861	1.786	68.063	0	0.1	0.1
2.34	96.52	6.61	0	68.491	0	0.1	0.1
2.391	98.592	5.811	0	68.844	0	0.1	0.1
2.462	99.14	5.356	0	69.255	0	0.1	0.1
2.508	98.047	5.96	0	69.523	0	0.1	0.1
2.573	98.483	5.173	1.302	69.523	0	0.1	0.1
2.625	97.719	5.737	2.312	69.802	0	0.1	0.1
2.728	98.81	5.631	4.27	70.092	0	0.1	0.1
2.778	100.136	4.994	3.842	70.584	0	0.1	0.1
2.832	100.01	5.196	2.188	71.001	0	0.1	0.1
2.884	100.337	4.57	0.38	71.414	0	0.1	0.1
2.936	100.882	4.034	0	71.831	0	0.1	0.1
3.027	101.646	4.339	0	72.311	0	0.1	0.1
3.079	102.518	4.453	0	72.727	0	0.1	0.1
3.13	103.609	4.17	0.078	73.272	0	0.1	0.1
3.173	104.12	4.105	2.846	73.572	0	0.1	0.1
3.286	105.136	4.664	5.274	74.353	0	0.1	0.1
3.312	106.336	4.243	7.297	74.779	0	0.1	0.1
3.377	107.972	4.904	9.823	75.147	0	0.1	0.1
3.442	108.953	5.583	12.271	75.498	0	0.1	0.1
3.506	110.153	5.688	13.936	75.926	0	0.1	0.1
3.571	111.135	5.688	15.677	75.979	0	0.1	0.1
3.636	112.116	5.818	16.975	76.104	0	0.1	0.1
3.714	113.425	6.209	17.782	75.865	0	0.1	0.1
3.779	114.625	5.787	17.823	75.474	0	0.1	0.1
3.804	115.078	5.524	17.788	75.232	0	0.1	0.1
3.882	115.824	5.442	17.86	74.969	0	0.1	0.1
3.947	116.697	5.456	18.049	74.504	0	0.1	0.1
4.025	117.024	5.419	18.543	74.088	0	0.1	0.1
4.09	117.679	4.764	18.998	73.396	0	0.1	0.1
4.168	117.897	5.172	19.531	72.738	0	0.1	0.1
4.206	118.333	5.367	19.774	72.222	0	0.1	0.1
4.232	119.315	4.675	20.003	72.216	0	0.1	0.1
4.336	119.533	6.194	20.545	71.583	0	0.1	0.1
4.401	119.969	7.126	21.037	71.179	0	0.1	0.1
4.453	120.951	7.109	21.353	70.701	0	0.1	0.1
4.554	120.391	8.011	21.772	69.919	0	0.1	0.1
4.595	121.278	7.357	21.758	69.501	0	0.1	0.1
4.712	121.496	7.461	21.984	68.846	0	0.1	0.1
4.751	122.041	6.612	22.072	68.329	0	0.1	0.1
4.855	122.477	6.285	22.48	67.99	0	0.1	0.1
4.881	122.805	6.053	22.694	67.662	0	0.1	0.1
4.971	123.568	6.357	23.207	67.161	0	0.1	0.1
5.049	124.768	6.144	23.49	66.983	0	0.1	0.1
5.062	125.422	5.652	23.919	66.934	0	0.1	0.1
5.146	126.035	5.977	24.429	66.931	0	0.1	0.1
5.205	126.077	6.242	24.576	66.596	0	0.1	0.1
5.334	126.295	6.3	24.766	65.533	0	0.1	0.1
5.423	126.368	6.208	25.093	65.007	0	0.1	0.1
5.503	126.186	5.612	25.073	64.671	0	0.1	0.1
5.58	125.703	5.817	24.761	64.275	0	0.1	0.1
5.671	125.968	6.041	24.693	64.025	0	0.1	0.1
5.762	125.531	6.017	24.649	63.673	0	0.1	0.1
5.817	125.039	6.172	24.761	63.278	0	0.1	0.1
5.892	125.531	5.571	24.6	63.16	0	0.1	0.1
5.944	125.968	5.134	24.45	63.124	0	0.1	0.1
6.009	126.295	4.883	24.515	62.683	0	0.1	0.1
6.047	126.949	4.563	24.68	62.582	0	0.1	0.1
6.094	127.364	4.583	24.761	62.282	0	0.1	0.1
6.19	127.167	4.899	24.885	62.114	0	0.1	0.1
6.242	127.604	4.832	25.189	61.722	0	0.1	0.1
6.307	128.367	4.634	25.747	61.669	0	0.1	0.1
6.37	128.692	4.981	26.089	61.618	0	0.1	0.1
6.449	128.258	4.782	26.037	61.439	0	0.1	0.1
6.514	127.386	4.734	25.911	61.213	0	0.1	0.1
6.579	127.058	4.654	25.924	61.108	0	0.1	0.1
6.646	127.032	4.599	26.089	60.954	0	0.1	0.1
6.773	127.058	4.573	26.077	60.49	0	0.1	0.1
6.825	127.058	4.673	26.231	60.3	0	0.1	0.1
6.955	127.058	4.673	26.256	60.033	0	0.1	0.1
7.001	127.032	4.648	26.753	59.626	0	0.1	0.1
7.111	126.513	4.678	26.913	59.439	0	0.1	0.1
7.238	126.7	4.648	27.749	58.962	0	0.1	0.1
7.383	126.513	4.337	28.657	58.672	0	0.1	0.1
7.499	126.622	4.426	29.119	58.377	0	0.1	0.1
7.554	127.032	4.44	29.41	57.966	0	0.1	0.1
7.629	127.822	4.331	29.462	57.719	0	0.1	0.1
7.694	128.149	4.759	29.704	57.315	0	0.1	0.1
7.83	128.692	4.261	29.742	56.637	0	0.1	0.1
7.888	128.04	4.673	30.018	56.406	0	0.1	0.1
7.988	127.364	4.648	30.406	55.973	0	0.1	0.1
8.044	128.149	3.923	30.257	55.659	0	0.1	0.1
8.109	128.803	3.61	30.233	55.659	0	0.1	0.1
8.174	128.803	3.95	30.347	55.522	0	0.1	0.1
8.264	129.356	3.985	30.406	54.977	0	0.1	0.1
8.29	129.24	4.194	30.148	54.94	0	0.1	0.1
8.381	129.349	4.426	30.318	54.899	0	0.1	0.1
8.472	129.458	4.657	30.48	54.468	0	0.1	0.1
8.58	129.688	4.649	30.738	53.981	0	0.1	0.1
8.627	129.458	4.857	31.034	53.543	0	0.1	0.1
8.731	129.131	4.984	31.236	53.567	0	0.1	0.1
8.835	128.476	5.099	31.692	53.252	0	0.1	0.1
8.939	128.585	4.723	31.93	52.997	0	0.1	0.1
9.014	128.692	4.402	32.398	52.653	0	0.1	0.1
9.081	128.04	4.713	32.359	52.569	0	0.1	0.1
9.172	127.931	4.482	32.221	52.504	0	0.1	0.1
9.211	127.822	4.25	32.185	52.137	0	0.1	0.1
9.289	128.367	4.346	32.262	51.959	0	0.1	0.1
9.37	128.692	3.984	32.398	51.989	0	0.1	0.1
9.405	128.149	4.264	32.463	51.458	0	0.1	0.1
9.509	127.931	5.022	32.439	51.32	0	0.1	0.1
9.678	127.822	4.291	32.73	51.297	0	0.1	0.1
9.768	128.04	4.032	33.299	51.006	0	0.1	0.1
9.843	127.696	4.448	33.726	50.993	0	0.1	0.1
9.924	127.604	4.468	34.031	50.5	0	0.1	0.1
10.066	127.822	4.25	34.398	50.049	0	0.1	0.1
10.118	127.604	4.127	34.548	49.667	0	0.1	0.1
10.235	127.604	4.468	34.75	49.438	0	0.1	0.1
10.287	128.149	3.923	34.928	49.176	0	0.1	0.1
10.356	128.36	3.984	35.054	49	0	0.1	0.1
10.455	128.476	3.937	35.255	48.694	0	0.1	0.1
10.585	128.912	3.601	35.421	48.431	0	0.1	0.1
10.65	129.24	3.473	35.724	48.27	0	0.1	0.1
10.712	130.352	3.061	36.051	48.336	0	0.1	0.1
10.857	130.548	3.405	36.418	48.117	0	0.1	0.1
10.961	130.657	3.984	37.097	47.515	0	0.1	0.1
11.065	130.985	3.511	37.205	47.074	0	0.1	0.1
11.146	131.016	3.121	37.379	47.008	0	0.1	0.1
11.259	131.312	2.803	37.521	47.186	0	0.1	0.1
11.35	131.312	2.944	37.699	46.706	0	0.1	0.1
11.428	130.767	3.148	37.839	46.456	0	0.1	0.1
11.54	131.016	2.921	38.043	46.344	0	0.1	0.1
11.622	131.203	3.593	38.03	46.128	0	0.1	0.1
11.713	131.639	3.03	38.13	45.865	0	0.1	0.1
11.817	131.68	3.116	38.043	45.68	0	0.1	0.1
11.894	132.075	3.062	38.005	45.489	0	0.1	0.1
11.959	132.294	3.039	37.993	45.465	0	0.1	0.1
12.014	132.012	3.125	37.711	45.348	0	0.1	0.1
12.076	132.403	3.075	37.767	45.113	0	0.1	0.1
12.172	133.341	3.32	37.711	45.016	0	0.1	0.1
12.283	133.493	3.006	37.841	44.887	0	0.1	0.1
12.335	133.166	3.052	37.969	44.64	0	0.1	0.1
12.409	132.676	3.653	38.043	44.352	0	0.1	0.1
12.478	133.057	3.823	38.296	44.033	0	0.1	0.1
12.53	133.82	3.02	38.247	44.021	0	0.1	0.1
12.595	133.93	2.91	38.223	43.883	0	0.1	0.1
12.685	133.008	3.653	38.043	44.02	0	0.1	0.1
12.75	133.602	3.238	37.755	43.782	0	0.1	0.1
12.843	134.337	3.984	37.711	43.356	0	0.1	0.1
12.971	133.711	3.669	37.792	43.008	0	0.1	0.1
13.08	134.337	4.465	37.711	43.024	0	0.1	0.1
13.113	135.129	4.356	37.691	43.033	0	0.1	0.1
13.198	135.665	3.652	37.379	42.691	0	0.1	0.1
13.269	134.584	4.299	37.109	42.399	0	0.1	0.1
13.396	134.337	4.68	37.047	42.359	0	0.1	0.1
13.437	135.675	3.606	37.283	42.285	0	0.1	0.1
13.514	136.329	4.257	37.379	42.027	0	0.1	0.1
13.58	137.092	4.175	37.476	42.108	0	0.1	0.1
13.645	137.638	3.87	37.501	42.095	0	0.1	0.1
13.723	138.183	4.146	37.488	41.881	0	0.1	0.1
13.8	138.838	4.773	37.561	41.917	0	0.1	0.1
13.83	138.985	4.949	37.711	41.695	0	0.1	0.1
13.917	140.037	3.955	37.816	41.666	0	0.1	0.1
14.027	141.642	4.452	38.043	41.363	0	0.1	0.1
14.086	142.546	4.412	37.904	41.367	0	0.1	0.1
14.137	143.2	4.797	37.877	41.152	0	0.1	0.1
14.224	144.298	3.721	37.711	41.031	0	0.1	0.1
14.254	141.346	5.673	37.716	40.825	0	0.1	0.1
14.332	142.219	4.497	37.675	40.736	0	0.1	0.1
14.422	142.306	4.751	37.379	40.699	0	0.1	0.1
14.462	141.346	6.273	37.279	40.607	0	0.1	0.1
14.552	139.601	5.412	37.355	40.506	0	0.1	0.1
14.565	141.128	4.226	37.316	40.39	0	0.1	0.1
14.643	140.473	4.881	37.542	40.325	0	0.1	0.1
14.698	140.314	4.595	37.379	40.367	0	0.1	0.1
14.786	140.473	4.157	37.388	40.107	0	0.1	0.1
14.837	139.71	4.617	37.3	40.159	0	0.1	0.1
14.928	139.274	3.696	37.238	40.183	0	0.1	0.1
14.941	138.51	4.281	37.251	40.183	0	0.1	0.1
15.014	138.321	3.679	37.379	40.035	0	0.1	0.1
15.032	137.529	5.053	37.417	39.856	0	0.1	0.1
15.123	140.801	3.526	37.529	39.719	0	0.1	0.1
15.172	141.642	3.32	37.379	39.703	0	0.1	0.1
15.291	140.801	2.833	37.376	39.703	0	0.1	0.1
15.33	140.314	2.85	37.379	39.703	0	0.1	0.1
15.408	139.819	4.217	37.385	39.646	0	0.1	0.1
15.487	138.985	3.653	37.379	39.371	0	0.1	0.1
15.563	139.601	2.981	37.372	39.165	0	0.1	0.1
15.628	141.237	2.799	37.409	39.156	0	0.1	0.1
15.724	140.314	2.988	37.047	39.039	0	0.1	0.1
15.797	141.019	2.345	36.904	38.865	0	0.1	0.1
15.882	141.642	2.324	36.715	38.707	0	0.1	0.1
15.965	140.801	2.654	36.577	38.482	0	0.1	0.1
16.017	139.819	2.763	36.516	38.482	0	0.1	0.1
16.079	138.321	3.321	36.383	38.375	0	0.1	0.1
16.147	136.656	4.472	36.176	38.365	0	0.1	0.1
16.199	135.893	4.544	36.064	38.277	0	0.1	0.1
16.237	135.333	4.681	36.051	38.375	0	0.1	0.1
16.315	136.22	5.117	36.051	38.237	0	0.1	0.1
16.395	136.329	4.317	36.051	38.075	0	0.1	0.1
16.445	135.893	4.072	36.007	37.856	0	0.1	0.1
16.562	135.675	3.126	35.853	37.744	0	0.1	0.1
16.691	135.456	2.273	35.523	37.679	0	0.1	0.1
16.79	135.001	1.328	35.386	37.711	0	0.1	0.1
16.86	134.475	2.49	35.349	37.518	0	0.1	0.1
16.912	135.565	1.773	35.349	37.466	0	0.1	0.1
17.003	134.475	1.49	35.288	37.482	0	0.1	0.1
17.016	134.039	1.935	35.139	37.396	0	0.1	0.1
17.08	133.602	2.291	35.239	37.384	0	0.1	0.1
17.145	134.005	1.888	35.054	37.379	0	0.1	0.1
17.249	134.802	3.854	35.114	37.096	0	0.1	0.1
17.343	135.333	5.977	35.054	37.047	0	0.1	0.1
17.417	134.475	5.78	35.227	36.955	0	0.1	0.1
17.461	135.001	4.316	35.054	37.047	0	0.1	0.1
17.56	135.784	4.09	35.093	36.778	0	0.1	0.1
17.638	137.42	3.999	34.968	36.628	0	0.1	0.1
17.703	137.638	5.235	34.693	36.54	0	0.1	0.1
17.777	138.653	5.313	34.722	36.715	0	0.1	0.1
17.832	137.202	5.853	34.968	36.148	0	0.1	0.1
17.895	136.993	5.313	35.054	36.051	0	0.1	0.1
17.949	137.311	5.179	35.057	36.05	0	0.1	0.1
18.014	138.985	4.27	35.054	36.051	0	0.1	0.1