#Distance	De BLok THINGS						
#Radius	vObs	VError	vGas	vDisk	vBulge 	SBdisk	SBbul
#kpc 	km/s	km/s	km/s	km/s	km/s		
3.715	301.197	12.091	5.07E-07	153.678	183.504	0	0
4.04	305.708	10.194	5.07E-07	158.92	178.088	0	0
4.386	307.953	7.939	5.07E-07	168.171	168.293	0	0
4.722	309.258	7.255	5.07E-07	178.668	161.739	0	0
5.009	310.698	5.628	5.07E-07	181.128	155.892	0	0
5.356	313.442	4.09	5.07E-07	187.602	150.254	0	0
5.729	314.9	4.837	5.07E-07	193.178	144.005	0	0
6.083	316.186	6.198	5.07E-07	196.393	139.606	0	0
6.395	317.184	5.699	5.07E-07	199.545	134.948	0	0
6.848	318.125	4.936	5.07E-07	202.045	130.301	0	0
7.122	320.926	4.911	5.07E-07	206.276	126.768	0	0
7.503	321.425	4.238	5.07E-07	208.798	123.739	0	0
7.855	322.155	3.625	5.07E-07	211.718	120.628	0	0
8.195	322.922	3.153	5.07E-07	215.801	117.798	0	0
8.576	322.173	3.902	5.07E-07	217.033	114.912	0	0
8.862	322.961	3.525	5.07E-07	218.167	112.567	0	0
9.234	323.171	3.687	5.07E-07	218.065	109.697	0	0
9.546	323.421	3.946	1.571	218.082	108.209	0	0
9.869	322.961	4.031	6.16	218.167	106.118	0	0
10.204	322.922	3.577	8.641	217.572	104.397	0	0
10.62	323.92	3.61	11.399	216.464	102.625	0	0
10.876	323.768	4.13	13.415	215.749	101.281	0	0
11.208	322.922	4.348	15.164	213.597	99.251	0	0
11.589	321.425	4.368	16.381	212.441	97.969	0	0
11.883	319.737	5.137	17.446	210.912	96.374	0	0
12.213	320.178	4.938	17.152	209.014	95.188	0	0
12.559	320.427	5.242	17.401	208.022	93.246	0	0
12.891	320.543	5.643	18.252	206.882	92.355	0	0
13.252	321.175	4.721	17.597	203.617	91.519	0	0
13.632	319.18	3.86	16.479	201.608	90.14	0	0
13.898	317.319	4.23	15.833	199.627	89.189	0	0
14.29	316.685	3.369	15.934	197.394	87.499	0	0
14.671	315.438	4.061	16.63	194.116	86.021	0	0
15.017	313.288	4.231	17.446	191.566	85.353	0	0
15.329	311.695	4.199	17.325	189.156	84.411	0	0
15.676	310.199	5.521	17.314	186.333	83.282	0	0
16.024	310.064	5.642	17.446	184.31	81.935	0	0
16.403	308.951	5.791	17.836	182.097	81.306	0	0
16.749	308.203	6.146	19.301	179.796	80.599	0	0
17.031	306.839	7.561	19.864	177.862	79.516	0	0
17.442	306.456	8.347	20.594	175.784	79.069	0	0
17.684	304.96	10.064	20.594	174.122	78.438	0	0
18.038	304.421	10.579	20.67	173.025	77.904	0	0
18.411	303.712	10.362	20.257	171.799	76.874	0	0
18.792	301.217	10.772	18.727	170.072	76.114	0	0
19.157	301.197	9.673	18.252	167.382	75.486	0	0
19.416	300.22	8.934	18.38	166.063	74.583	0	0
19.762	299.721	9.032	19.237	164.563	74.062	0	0
20.164	300.39	8.061	19.864	162.546	73.067	0	0
20.455	300.22	7.864	20.594	161.565	72.759	0	0
20.836	300.719	7.559	22.135	159.632	72.51	0	0
21.171	301.197	7.254	23.088	158.515	72.261	0	0
21.459	300.22	8.444	24.101	157.123	71.433	0	0
21.805	299.97	8.226	26.3	155.634	70.738	0	0
22.178	299.584	8.061	27.119	154.484	70.649	0	0
22.567	299.721	8.463	28.889	153.247	70.205	0	0
22.879	299.222	8.962	31.636	152.184	68.913	0	0
23.297	299.584	9.674	33.568	150.454	68.231	0	0
23.537	300.22	9.206	34.915	149.457	67.934	0	0
23.883	300.968	9.423	35.871	148.111	67.413	0	0
24.192	300.39	9.674	35.986	147.229	66.618	0	0
24.61	299.97	10.754	36.729	146.048	66.642	0	0
24.887	300.968	10.652	37.598	144.593	66.121	0	0
25.311	301.197	11.285	38.405	143.199	65.812	0	0
25.58	299.471	13.762	38.63	142.194	65.421	0	0
25.996	299.471	14.446	38.531	141.174	64.801	0	0
26.318	297.166	16.122	39.211	140.781	64.2	0	0
26.619	295.23	17.916	38.705	139.413	63.585	0	0
27	297.475	18.928	38.932	138.034	63.336	0	0
27.326	296.36	19.346	39.211	136.75	63.394	0	0
27.658	296.228	20.35	38.932	135.71	62.64	0	0
28.039	293.234	21.617	38.857	135.339	62.13	0	0
28.333	289.911	23.377	39.211	135.138	61.782	0	0
28.766	289.492	23.353	38.952	133.624	61.186	0	0
29.043	285.75	24.313	38.952	132.43	60.925	0	0
29.34	286.686	21.272	39.02	131.913	60.976	0	0
29.666	284.004	22.011	38.952	130.634	59.969	0	0
30.047	284.503	20.22	39.289	129.429	59.534	0	0
30.459	285.88	18.68	39.269	128.831	59.726	0	0
30.775	286	20.227	39.277	127.766	59.024	0	0
31.086	287.995	19.073	39.516	127.06	58.514	0	0
31.466	285.074	17.535	39.768	126.585	58.479	0	0
31.779	285.501	15.561	39.776	125.518	57.743	0	0
32.194	283.505	15.139	39.602	124.574	57.668	0	0
32.361	281.85	15.316	39.768	124.09	57.73	0	0
32.783	283.255	14.56	39.602	123.259	57.081	0	0
33.164	284.503	12.663	39.602	122.314	56.832	0	0
33.368	281.85	14.84	39.768	121.996	56.732	0	0
33.857	282.756	12.974	39.864	121.294	56.159	0	0
34.307	282.756	12.392	40.113	120.871	55.66	0	0
34.487	281.044	12.462	40.018	120.348	55.734	0	0
34.861	280.761	11.972	39.864	119.492	55.574	0	0
35.207	282.008	11.527	40.124	118.547	55.127	0	0
35.494	281.85	11.014	40.267	118.103	54.986	0	0
35.9	281.26	10.71	40.407	117.338	54.618	0	0
36.277	281.044	10.479	40.668	116.533	54.368	0	0
36.523	280.511	9.982	40.766	116.107	54.487	0	0
36.904	279.264	10.436	40.929	115.525	54.119	0	0
37.285	278.625	10.68	40.929	115.068	53.608	0	0
37.562	278.765	11.184	40.766	114.61	53.489	0	0
37.943	278.515	11.434	40.929	114.1	53.435	0	0
38.292	276.207	12.092	40.929	113.405	52.675	0	0
38.636	275.023	12.863	41.015	112.864	52.99	0	0
38.913	275.023	12.788	41.189	111.939	52.502	0	0
39.299	274.595	13.098	41.189	111.179	52.23	0	0
39.64	273.775	12.252	41.265	111.118	52.242	0	0
39.952	273.027	12.489	40.962	110.821	51.969	0	0
40.418	273.789	12.597	40.712	109.875	51.708	0	0
40.679	273.775	12.349	41.015	109.371	51.013	0	0
41.06	273.775	11.405	41	108.671	50.763	0	0
41.425	272.983	11.085	40.898	108.311	50.745	0	0
41.648	272.528	11.088	40.766	108.124	50.341	0	0
42.064	271.53	11.054	40.8	107.345	50.341	0	0
42.432	271.37	11.286	42.013	107.083	50.246	0	0
42.687	270.782	12.063	41.985	106.877	49.993	0	0
43.068	270.033	12.041	42.072	106.4	49.906	0	0
43.439	271.37	11.286	43.011	105.89	49.747	0	0
43.761	271.779	11.523	43.259	105.38	49.471	0	0
44.073	273.027	11.718	43.731	104.726	49.222	0	0
44.446	274.595	12.091	43.961	104.466	49.498	0	0
44.731	275.272	12.776	44.295	103.714	49.146	0	0
45.112	277.767	13.322	44.298	103.03	48.81	0	0
45.453	281.044	12.491	44.259	102.636	48.999	0	0
45.804	279.763	12.868	43.799	102.324	48.636	0	0
46.081	279.513	11.875	43.799	102.063	48.115	0	0
46.46	280.238	10.479	44.009	101.638	48.001	0	0
46.774	282.756	10.333	43.9	101.032	47.604	0	0
47.155	283.255	10.809	43.951	100.51	47.604	0	0
47.579	285.074	11.004	44.009	100.39	47.751	0	0
47.882	283.006	19.178	43.689	99.728	47.355	0	0
48.228	284.503	10.906	43.44	99.206	47.28	0	0
48.586	285.88	12.898	43.261	99.393	47.252	0	0
48.852	283.255	11.057	42.93	98.858	46.819	0	0
49.267	283.006	9.557	42.669	98.598	46.558	0	0
49.593	281.85	9.673	42.512	98.145	46.753	0	0
49.891	279.513	9.683	42.409	97.729	46.558	0	0
50.237	277.268	10.994	42.409	97.294	46.362	0	0
50.6	278.625	11.866	42.762	97.147	46.254	0	0
50.999	284.253	11.27	42.756	96.362	45.906	0	0
51.345	287.995	11.444	42.571	96.101	45.731	0	0
51.719	289.105	11.285	42.762	96.149	45.654	0	0