# Distance =  		de Blok	distance fixed - but no more info than that				
# Rad	Vobs	errV	Vgas	Vdisk	Vbul	SBdisk	SBbul
# kpc	km/s	km/s	km/s	km/s	km/s	L/pc^2	L/pc^2
0.44	138.494	5.379	0.01	112.676	90.624	30.32	0
0.587	142.259	3.765	0.01	107.836	93.851	23.77	0
0.684	122.896	10.757	0.01	104.608	99.768	15.87	0
0.782	126.661	6.454	0.01	102.457	102.457	12.4	0
0.917	124.084	6.419	0.01	99.448	106.387	9.63	0
1.026	142.259	6.454	0.01	96.54	109.449	5.86	0
1.122	140.219	5.899	0.01	94.937	112.113	5.19	0
1.222	128.812	5.917	0.01	92.775	115.904	3.02	0
1.319	136.342	4.303	0.01	90.624	117.517	0.88	0
1.421	138.484	9.849	0.01	89.038	121.135	0.88	0
1.564	147.638	9.681	0.01	87.397	125.585	0.88	0
1.642	141.434	8.675	0.01	85.394	126.86	0.88	0
1.808	143.335	9.681	0.01	82.556	129.888	0.88	0
1.857	150.865	7.53	0.01	82.018	130.964	0.88	0
1.957	146.986	8.501	0.01	81.057	133.279	0.88	0
2.052	149.251	8.068	0.01	79.329	136.342	0.88	0
2.162	151.323	6.419	0.01	77.934	137.617	0.88	0
2.296	147.638	6.454	0.01	76.102	140.107	0.88	0
2.398	148.027	6.246	0.01	74.985	141.954	0.88	0
2.492	152.191	4.163	0.01	73.944	143.863	0.88	0
2.587	149.935	4.338	0.01	73.597	146.118	0.88	0
2.697	151.15	3.817	0.01	73.076	147.333	0.88	0
2.833	151.941	3.765	0.01	71.261	149.789	0.88	0
2.918	154.967	5.204	0.01	70.647	150.803	0.88	0
2.98	157.319	3.765	0.01	70.185	151.941	0.88	0
3.123	157.569	5.205	0.01	68.912	153.232	0.88	0
3.233	157.916	5.378	0.01	68.392	154.62	0.88	0
3.322	158.933	5.916	0.656	67.496	156.243	0.88	0
3.419	163.774	5.378	0.756	66.958	157.857	0.88	0
3.532	167.285	4.978	2.116	66.136	159.13	0.88	0
3.658	166.417	5.726	5.759	65.269	159.998	0.88	0
3.712	168.076	4.303	7.793	64.806	160.546	0.88	0
3.894	168.152	6.92	10.791	63.36	161.906	0.88	0
3.956	171.304	4.84	11.558	62.655	162.698	0.88	0
4.083	173.878	5.552	12.179	62.146	164.335	0.88	0
4.178	175.092	5.205	11.138	61.452	164.856	0.88	0
4.298	177.758	6.454	8.868	60.503	165.925	0.88	0
4.351	181.685	4.337	8.362	60.584	166.244	0.88	0
4.445	183.137	4.84	7.793	60.503	167.001	0.88	0
4.588	183.246	4.685	8.015	59.543	167.979	0.88	0
4.714	183.767	6.072	8.709	59.023	169.02	0.88	0
4.836	187.977	6.993	9.406	58.352	169.69	0.88	0
4.903	189.492	6.119	9.75	57.982	170.061	0.88	0
4.997	191.748	5.899	10.791	57.635	170.581	0.88	0
5.123	191.748	5.899	12.526	56.941	171.255	0.88	0
5.226	193.356	5.379	15.323	56.738	171.841	0.88	0
5.312	194.524	5.025	15.996	56.073	172.143	0.88	0
5.438	194.697	6.073	16.516	55.206	172.663	0.88	0
5.568	195.508	5.454	16.399	54.587	173.455	0.88	0
5.643	196.953	5.552	15.996	54.512	173.704	0.88	0
5.738	199.208	6.073	15.475	54.338	174.051	0.88	0
5.812	201.962	4.703	15.323	54.049	174.531	0.88	0
5.942	200.076	6.181	15.822	53.471	174.572	0.88	0
6.056	198.735	6.992	16.936	52.973	175.069	0.88	0
6.179	200.076	5.599	17.384	52.777	175.092	0.88	0
6.252	200.886	5.241	17.474	52.436	175.607	0.88	0
6.383	199.382	6.939	18.945	51.957	175.439	0.88	0
6.398	199.81	6.493	19.088	51.898	175.607	0.88	0
6.509	200.076	6.94	19.813	51.562	175.613	0.88	0
6.642	201.962	6.417	21.239	50.822	176.144	0.88	0
6.683	200.596	7.287	21.895	50.695	176.133	0.88	0
6.793	199.902	7.634	22.936	50.348	176.133	0.88	0
6.935	198.735	8.068	26.08	49.921	176.144	0.88	0
7.013	200.423	7.287	26.579	49.828	176.133	0.88	0
7.14	199.382	8.501	27.62	49.307	176.133	0.88	0
7.218	200.77	7.436	28.314	49.134	176.133	0.88	0
7.277	203.576	5.578	28.769	49.208	176.144	0.88	0
7.439	201.811	8.542	30.916	48.613	176.133	0.88	0
7.619	203.576	5.916	32.535	48.133	176.144	0.88	0
7.659	201.637	7.287	32.825	47.919	176.133	0.88	0
7.766	200.348	7.53	32.535	47.595	176.144	0.88	0
7.864	197.82	7.287	31.61	47.225	175.96	0.88	0
8.01	195.508	7.53	30.921	47.057	175.607	0.88	0
8.069	199.555	6.766	30.916	46.878	175.613	0.88	0
8.205	201.962	5.879	30.921	46.519	175.607	0.88	0
8.274	199.035	6.94	31.09	46.358	175.613	0.88	0
8.384	199.555	5.726	31.263	46.184	175.439	0.88	0
8.498	199.81	5.471	31.459	45.981	175.069	0.88	0
8.605	199.035	6.246	32.131	45.837	174.919	0.88	0
8.694	198.735	10.219	32.535	45.837	175.069	0.88	0
8.791	200.886	6.455	33.072	45.443	175.069	0.88	0
8.904	198.514	10.063	34.213	45.143	174.745	0.88	0
9.014	196.953	7.46	35.254	44.623	174.225	0.88	0
9.133	196.045	7.868	36.3	44.368	173.455	0.88	0
9.25	196.085	6.073	36.295	44.449	173.357	0.88	0
9.328	194.97	5.378	36.837	44.368	172.917	0.88	0
9.439	196.606	5.378	36.815	43.929	172.663	0.88	0
9.55	197.3	5.031	36.468	43.755	172.49	0.88	0
9.67	198.197	5.379	36.3	43.83	172.379	0.88	0
9.817	201.962	5.916	36.3	43.292	171.841	0.88	0
9.896	204.066	5.072	36.295	43.061	171.622	0.88	0
10.012	205.727	3.727	36.837	42.754	171.304	0.88	0
10.085	203.893	4.163	37.336	42.541	170.928	0.88	0
10.211	203.719	3.991	38.203	42.194	170.581	0.88	0
10.256	204.113	3.728	37.913	42.216	170.228	0.88	0
10.369	202.852	3.396	37.509	41.847	170.061	0.88	0
10.501	201.962	6.954	37.375	41.678	170.228	0.88	0
10.637	201.29	3.47	37.162	41.5	169.54	0.88	0
10.715	200.423	3.817	37.162	41.326	169.367	0.88	0
10.794	200.348	3.228	36.837	41.14	169.69	0.88	0
10.94	201.424	4.303	36.3	41.14	169.152	0.88	0
11.03	200.249	5.205	36.295	40.979	168.499	0.88	0
11.135	200.348	3.827	36.3	40.602	168.076	0.88	0
11.235	197.473	4.338	36.295	40.459	167.632	0.88	0
11.331	196.583	3.765	36.3	40.602	167.001	0.88	0
11.456	196.606	9.542	36.468	40.285	166.591	0.88	0
11.526	199.273	4.84	36.3	40.065	165.925	0.88	0
11.661	197.3	3.817	35.601	40.112	165.723	0.88	0
11.77	197.659	3.765	35.762	40.065	165.387	0.88	0
11.881	198.341	4.684	35.774	39.591	165.029	0.88	0
12.014	199.81	2.152	35.762	39.364	164.311	0.88	0
12.023	199.208	2.603	35.774	39.418	164.335	0.88	0
12.112	196.045	3.228	35.762	39.527	164.311	0.88	0
12.228	196.085	2.429	35.774	39.244	163.641	0.88	0
12.306	193.656	3.47	35.774	39.071	163.294	0.88	0
12.401	192.268	3.644	35.601	39.071	163.121	0.88	0
12.503	191.743	3.765	35.762	38.989	162.698	0.88	0
12.606	192.442	4.337	35.427	38.724	162.253	0.88	0
12.7	193.136	3.817	35.254	38.377	161.906	0.88	0
12.826	192.962	4.164	34.733	38.203	161.733	0.88	0
12.942	193.356	4.303	34.148	37.913	160.546	0.88	0
13.089	191.743	7.53	33.61	37.913	160.008	0.88	0
13.157	194.35	4.511	33.692	37.509	159.651	0.88	0
13.267	195.391	3.991	34.039	37.509	159.651	0.88	0
13.362	195.738	3.644	34.213	37.509	158.783	0.88	0
13.456	196.085	4.164	33.866	37.509	158.61	0.88	0
13.528	197.659	3.427	33.61	37.375	158.395	0.88	0
13.535	197.647	3.817	33.692	37.162	158.386	0.88	0
13.675	200.348	3.765	34.686	37.375	157.857	0.88	0
13.756	200.77	3.817	35.254	37.162	157.395	0.88	0
13.866	200.249	5.032	35.601	36.989	156.875	0.88	0
13.968	199.81	4.303	35.762	36.837	156.243	0.88	0
14.066	201.962	3.765	36.3	36.3	155.706	0.88	0
14.181	200.943	3.991	37.162	36.295	155.487	0.88	0
14.291	200.423	4.337	37.509	36.295	154.62	0.88	0
14.417	199.729	4.164	37.856	36.295	154.446	0.88	0
14.48	198.688	6.94	38.03	36.295	154.446	0.88	0
14.554	201.962	4.465	37.913	36.3	154.092	0.88	0
14.685	201.637	4.164	37.683	35.948	153.752	0.88	0
14.858	200.596	4.511	37.162	35.948	153.005	0.88	0
14.945	200.886	5.304	37.375	35.762	152.478	0.88	0
15.016	202.331	6.766	37.683	35.601	152.017	0.88	0
15.126	202.331	7.46	38.203	35.254	151.67	0.88	0
15.221	202.331	9.542	38.724	35.08	151.323	0.88	0
15.335	202.5	9.143	38.989	34.686	150.865	0.88	0
15.482	205.189	6.992	40.065	34.686	150.327	0.88	0
15.52	206.669	5.992	40.459	34.907	149.935	0.88	0
15.678	206.669	9.542	41.326	34.733	149.935	0.88	0
15.726	208.954	8.068	41.678	34.686	149.251	0.88	0
15.882	207.71	10.062	42.714	34.386	148.547	0.88	0
15.945	210.312	8.501	43.061	34.386	148.2	0.88	0
16.056	211.006	9.395	43.929	34.213	148.027	0.88	0
16.165	212.719	9.444	44.905	34.148	147.638	0.88	0
16.245	215.343	9.716	45.143	34.039	147.159	0.88	0
16.402	215.343	11.625	45.317	34.213	146.812	0.88	0
16.507	217.56	9.682	44.905	34.148	146.562	0.88	0
16.575	212.914	11.798	44.97	34.039	145.945	0.88	0
16.717	214.129	7.981	45.143	33.866	145.251	0.88	0
16.849	213.795	8.331	45.981	34.148	144.948	0.88	0
16.938	214.129	6.072	46.184	33.692	144.383	0.88	0
17.045	211.106	7.53	45.981	33.61	143.873	0.88	0
17.093	205.727	9.744	45.981	33.61	143.873	0.88	0
17.221	206.495	9.369	46.011	33.519	143.516	0.88	0
17.338	211.643	8.606	45.981	33.61	142.797	0.88	0
17.484	207.878	2.152	44.905	33.61	142.259	0.88	0
17.552	195.565	8.328	44.276	32.998	141.781	0.88	0
17.647	199.729	9.195	43.929	32.825	141.434	0.88	0
17.826	203.038	4.84	43.292	33.072	141.183	0.88	0
17.883	199.208	7.461	43.235	32.825	140.913	0.88	0
17.924	206.803	2.151	42.754	33.072	140.645	0.88	0
18.072	202.852	8.501	42.541	32.825	140.566	0.88	0
18.182	205.454	6.766	43.061	32.651	139.525	0.88	0
18.314	200.886	6.455	43.292	32.535	138.494	0.88	0
18.412	194.97	6.454	43.83	32.535	137.956	0.88	0
18.497	194.35	7.287	43.755	32.478	138.311	0.88	0
18.656	193.894	7.192	43.83	31.997	137.418	0.88	0
18.702	191.574	9.716	43.929	31.957	137.443	0.88	0
18.851	193.894	6.992	43.83	31.997	136.88	0.88	0
18.949	186.364	6.992	44.368	31.997	136.342	0.88	0
19.033	186.89	9.022	43.755	31.784	136.402	0.88	0
19.143	188.625	12.839	43.582	31.957	136.229	0.88	0
19.242	190.667	13.984	43.292	31.997	135.267	0.88	0
19.348	190.013	15.962	43.235	31.61	135.188	0.88	0
19.486	201.424	10.757	43.83	31.459	134.191	0.88	0
19.584	188.515	16.674	43.83	31.459	133.653	0.88	0
19.633	184.75	18.826	43.83	30.921	134.191	0.88	0
19.779	203.576	12.37	43.292	30.921	133.653	0.88	0
19.877	209.492	20.977	42.754	30.921	133.653	0.88	0
19.926	224.552	9.144	43.292	30.921	133.115	0.88	0
20.121	213.257	13.985	43.292	30.921	132.577	0.88	0
20.17	203.576	20.976	43.292	30.921	132.577	0.88	0
20.268	224.014	13.985	43.292	30.921	132.04	0.88	0
20.372	194.697	23.769	43.235	30.916	131.718	0.88	0
20.592	190.533	21.514	42.861	30.916	131.371	0.88	0
20.61	193.894	17.212	42.754	30.921	130.964	0.88	0
20.703	192.615	19.258	42.714	30.916	130.85	0.88	0
20.805	196.583	18.288	42.754	30.921	130.426	0.88	0
20.951	192.28	18.288	43.292	30.383	129.888	0.88	0
21.034	194.871	18.911	43.408	30.396	129.809	0.88	0
21.112	198.688	17.002	43.235	30.222	129.809	0.88	0
21.244	220.249	18.826	43.292	30.383	129.35	0.88	0
21.349	214.476	19.084	43.235	30.222	129.116	0.88	0
21.412	200.943	22.208	43.235	30.049	128.942	0.88	0
21.537	199.273	18.287	42.754	30.383	128.812	0.88	0
21.679	200.596	16.829	43.235	30.049	128.422	0.88	0
21.758	196.432	18.391	43.235	29.702	128.075	0.88	0
21.928	205.727	10.757	43.292	29.845	127.737	0.88	0
21.977	191.743	22.052	43.292	29.845	127.737	0.88	0
21.994	191.574	22.034	43.408	29.875	127.554	0.88	0
22.073	193.309	18.044	43.582	29.702	127.554	0.88	0
22.27	199.273	16.673	43.83	29.845	127.199	0.88	0