# Milky Way	test 1
# XueSofueGAIA  MW 	
#r (kpc)	#vel(km/s)
0.011	314.3090442
0.0415	313.9772784
0.0945	313.9623833
0.14	313.6534343
0.1945	313.2291687
0.2155	313.2202345
0.256	312.7246235
0.296	311.768391
0.349	310.2511179
0.404	308.1197484
0.449	305.4581267
0.496	303.6578075
0.5425	301.5949887
0.6045	299.0458447
0.652	297.7160437
0.6975	293.6166583
0.7435	289.4604699
0.8045	286.1803008
0.843	284.1243669
0.9125	282.8794982
0.96	279.9564881
1.0905	273.2487416
1.1605	271.1839019
1.2065	270.5447171
1.253	269.7180828
1.2915	268.5321214
1.3455	267.6797502
1.4005	267.2371226
1.447	266.6227816
1.494	265.3402955
1.5485	264.0815005
1.588	262.9867453
1.642	262.1168193
1.9025	258.1032518
1.9565	257.67429
2.009	256.7247908
2.0495	255.8361067
2.105	255.1018482
2.1515	254.4797989
2.205	253.5669613
2.259	252.9196091
2.2975	251.8238788
2.3435	251.2065722
2.39	250.4404504
2.4515	249.8636321
2.4975	249.4156094
2.5365	248.5925198
2.5985	248.0709904
2.653	247.630884
2.692	247.2293988
2.746	246.7225738
2.7925	246.003892
2.854	245.2112589
2.9	244.8099626
2.9525	244.4917851
3.0065	244.2472888
3.053	243.8740286
3.0915	243.5734986
3.146	243.113958
3.208	242.8283169
3.248	242.5322944
3.2935	242.0803724
3.347	241.7189902
3.4095	241.5250122
3.448	241.0998711
3.495	240.8221923
3.5415	240.6403348
3.596	239.6966838
3.6505	239.4460399
3.7115	239.251443
3.7425	238.985411
3.8045	238.7477189
3.851	238.5821665
3.9055	238.3541806
3.945	238.4130968
4.007	238.1015802
4.0525	237.7906205
4.1145	237.7475763
4.146	237.5506258
4.193	237.2088877
4.2555	237.1488903
4.302	236.8104446
4.3475	236.5882407
4.455	236.6247397
4.509	236.587122
4.548	236.3608792
4.6025	236.3414799
4.641	236.1142066
4.688	235.8576275
4.7425	235.6490704
4.8005	235.581535
4.8395	235.2609186
4.894	234.9371567
4.9485	234.7312331
4.994	234.4138145
5.0495	234.2043176
5.1115	234.0112971
5.15	234.1526122
5.204	234.0761525
5.243	233.9044172
5.312	234.0475555
5.3505	233.9892711
5.389	233.9362573
5.4495	233.8708849
5.488	233.704623
5.5655	233.6468483
5.6125	233.3510482
5.6655	233.1727853
5.712	233.0068907
5.7595	232.8375101
5.8055	232.6812377
5.8525	232.5107633
5.8985	232.3568462
5.9525	232.1972516
5.9985	231.8999215
6.0445	231.6193601
6.0995	231.4639495
6.169	231.422562
6.247	231.3794366
6.3005	231.2269302
6.355	230.9425045
6.409	230.6647439
6.4855	230.6263641
6.5395	230.4777959
6.594	230.3292635
6.672	230.2952826
6.726	230.1584118
6.78	230.0185501
6.834	229.8682289
6.911	229.8416321
6.9805	229.6978334
7.023	228.1475444
7.077	227.9721154
7.1245	227.8358971
7.1755	227.6956759
7.2225	227.5895562
7.2745	227.4524379
7.3235	227.3163401
7.373	227.0992259
7.425	226.906225
7.474	226.7917918
7.5245	226.4835834
7.5735	226.3242723
7.6255	226.1991939
7.678	226.0538296
7.726	225.8789102
7.775	225.7417677
7.8245	225.4714161
7.8725	225.4036538
7.9255	225.309944
7.972	225.1899646
8.0275	225.0310846
8.072	224.9373599
8.127	224.8153326
8.176	224.4778277
8.2235	224.305449
8.271	224.0759993
8.3225	223.9794162
8.3755	223.668071
8.423	223.4608764
8.475	223.3369306
8.5275	223.143666
8.575	223.0623096
8.6265	223.0299778
8.674	222.6930306
8.7265	222.5151337
8.772	222.4105697
8.826	222.3694511
8.8735	222.1780373
8.9215	222.0905516
8.976	221.9659436
9.026	221.7252534
9.0745	221.5896762
9.1205	221.4141512
9.1735	221.1489408
9.226	220.9065937
9.2745	220.8579835
9.3235	220.7666847
9.3715	220.6291301
9.4235	220.5519353
9.46768061	221.498371
10.4942966	223.127036
11.4638783	220.684039
12.4904943	222.312704
13.460076	223.941368
14.486692	221.498371
15.4562738	218.241042
16.4828897	215.798046
17.5095057	213.355049
18.5361217	209.283388
19.5057034	206.026059
20.5323194	202.76873
21.5589354	197.068404
22.5285171	197.068404
23.4980989	191.368078
24.5247148	187.296417
25.4942966	181.596091
26.5209125	175.895765
26.4265	174.7044964
26.47	174.4978674
26.527	174.3867392
26.5725	174.3867392
26.6255	174.1711733
26.674	174.1711733
26.728	174.1711733
26.776	173.8492417
26.8235	173.8590731
26.8705	173.7911894
26.9285	173.5845096
26.974	173.5081015
27.0235	173.5081015
27.0755	173.3093338
27.1225	173.3181656
27.175	173.3261145
27.226	173.1242004
27.2715	173.1242004
27.3265	172.8780739
27.374	172.8780739
27.427	172.7342374
27.473	172.6242854
27.523	172.6242854
27.574	172.4167921
27.6205	172.2920569
27.674	172.0853126
27.7235	172.0853126
27.776	171.9837507
27.8205	171.9837507
27.8745	171.9504476
27.9225	171.9276247
27.9745	171.6867736
28.0225	171.6867736
28.072	171.4088147
28.1215	171.4775673
28.177	171.4822554
28.228	171.2756279
28.2715	171.2756279
28.3255	171.2756279
28.3755	170.9587024
28.424	170.987323
28.4715	170.9826291
28.5235	170.8387269
28.5745	170.7284863
28.6285	170.5157348
28.6715	170.5236833
28.727	170.5189932
28.7745	170.3170804
28.828	170.3123807
28.875	170.290772
28.9245	170.0842354
28.9765	170.0894119
29.0245	170.021722
29.0775	170.0170273
29.1235	169.7851398
29.173	169.7851398
29.226	169.78796
29.274	169.78796
29.324	169.5814826
29.373	169.5188576
29.424	169.5188576
29.472	169.4087834
29.5225	169.2013539
29.576	169.091011
29.6265	168.8843562
29.672	168.7874516
29.728	168.7874516
29.7715	168.7335917
29.8245	168.7335917
29.8745	168.5270588
29.9215	168.5270588
29.9775	168.3912026
30.027	168.3065529
30.0715	168.3065529
30.125	168.2177125
30.172	168.286505
30.228	168.2149893
30.272	168.1006155
30.3255	167.9073773
30.3745	167.9194737
30.4235	167.8857522
30.4755	167.6781462
30.527	167.6781462
30.5775	167.6166633
30.624	167.4090242
30.676	167.4090242
30.723	167.1935648
30.772	167.2214996
30.8245	167.2214996
30.8735	167.1112932
30.926	166.9036819
30.9765	166.9036819
31.022	166.7509247
31.0775	166.7509247
31.1225	166.7315038
31.17	166.7117986
31.2245	166.5386806
31.273	166.5298532
31.321	166.5219088
31.3715	166.2387634
31.427	166.2387634
31.473	166.1534868
31.5225	165.9459167
31.578	165.9459167
31.622	165.9074567
31.671	165.7143382
31.7255	165.7096412
31.7755	165.6763158
31.828	165.6720944
31.8715	165.5234677
31.927	165.5234677
31.9785	165.5093824
32.0275	165.2534204
32.0735	165.244599
32.1255	165.1294475
32.175	165.1294475
32.225	164.9228429
32.271	164.9228429
32.325	164.8299393
32.3705	164.8299393
32.42	164.6859565
32.476	164.6859565
32.525	164.6859565
32.57	164.6859565
32.626	164.4784828
32.6765	164.4784828
32.727	164.4784828
32.7725	164.4784828
32.824	164.2242284
32.878	164.2074472
32.923	164.2074472
32.9765	164.2074472
33.023	164.0008425
33.077	164.0008425
33.1215	163.8864028
33.1765	163.8864028
33.224	163.6796745
33.275	163.6033326
33.3275	163.6033326
33.375	163.6080098
33.4235	163.5368028
33.475	163.346782
33.5235	163.3909632
33.5715	163.3821265
33.6235	163.3821265
33.674	163.1745315
33.7275	163.1745315
33.774	163.0645071
33.828	163.0645071
33.8755	162.8576804
33.9225	162.8576804
33.9775	162.8576804
34.027	162.8576804
34.0735	162.6293304
34.123	162.6227695
34.1775	162.6227695
34.227	162.5666008
34.275	162.3501021
34.3275	162.2874694
34.375	162.2921616
34.4225	162.2874694
34.473	162.1482555
34.5255	162.1570823
34.573	162.1482555
34.6255	162.1482555
34.6745	161.9038497
34.724	161.7938084
34.772	161.7311175
34.8235	161.7222888
34.8715	161.5069425
34.927	161.5069425
34.972	161.4683705
35.028	161.4575617
35.074	161.1411058
35.12	161.1411058
35.1725	161.1214191
35.2265	161.1214191
35.277	160.9086568
35.3285	160.8753436
35.373	160.8567958
35.427	160.8567958
35.4715	160.6422491
35.5245	160.6501927
35.5745	160.5399663
35.625	160.5488035
35.6725	160.3332447
35.7265	160.3332447
35.7735	160.3332447
35.8245	160.3332447
35.879	160.3332447
35.9235	160.1893252
35.9735	160.0796157
36.0255	160.0796157
36.072	160.1216885
36.127	159.8719857
36.176	159.8288826
36.228	159.7316937
36.271	159.6884101
36.3275	159.6884101
36.3705	159.6884101
36.422	159.662796
36.4775	159.4729628
36.524	159.4005914
36.576	159.2907671
36.6275	159.2907671
36.675	159.304286
36.7285	159.2954507
36.7725	159.0887753
36.82	159.0887753
36.877	159.0887753
36.9265	159.02126
36.9745	159.0259427
37.026	158.81368
37.072	158.8183736
37.124	158.8183736
37.1765	158.8183736
37.22	158.7419769
37.276	158.535249
37.3275	158.535249
37.3735	158.535249
37.4255	158.4345714
37.4745	158.4345714
37.522	158.2277174
37.577	158.252068
37.6235	158.218826
37.6755	158.1814238
37.7275	158.1814238
37.779	157.9737134
37.8285	157.9737134
37.872	157.9834329
37.9265	157.9834329
37.975	157.873057
38.0265	157.6663194
38.0765	157.5806426
38.1265	157.5806426
38.1735	157.5857841
38.2255	157.5857841
38.2735	157.37811
38.3275	157.37811
38.373	157.3065609
38.427	157.3065609
38.473	157.3065609
38.523	157.3153932
38.5715	157.3065609
38.627	157.1789047
38.6705	157.1789047
38.7235	157.1789047
38.7745	157.1831234
38.8255	156.8667869
38.8745	156.7943209
38.9225	156.7943209
38.974	156.5876209
39.023	156.5876209
39.075	156.5538543
39.1285	156.5538543
39.166	156.3472129
39.2225	156.3425156
39.2755	156.3425156
39.322	156.3425156
39.372	156.3425156
39.425	156.1351206
39.4785	156.0209789
39.525	156.0209789
39.575	156.0209789
39.624	156.0209789
39.675	155.8143331
39.726	155.8143331
39.7725	155.8143331
39.827	155.8096361
39.875	155.8096361
39.9255	155.6610619
39.9755	155.6610619
40.0245	155.6610619
40.074	155.6610619
40.1225	155.6028079
40.1775	155.4056472
40.225	155.4098824
40.2755	155.4098824
40.3235	155.4098824
40.3755	155.4098824
40.4275	155.0924619
40.472	155.0727455
40.5265	155.0727455
40.573	155.0685227
40.6205	155.0685227
40.6755	154.8672406
40.7235	154.8287089
40.7765	154.8287089
40.8275	154.7701578
40.8735	154.765461
40.924	154.765461
40.9745	154.6270781
41.0235	154.5087807
41.074	154.3984709
41.126	154.3650773
41.171	154.3650773
41.222	154.3650773
41.2765	154.3041317
41.3205	154.0975384
41.3745	154.1063642
41.424	154.1063642
41.449	154.1063642
41.5025	154.0975384
41.5485	154.0213535
41.597	154.0213535
41.65	154.0213535
41.7005	153.7471219
41.753	153.7471219
41.8	153.6752736
41.848	153.6794939
41.9035	153.6794939
41.9465	153.4720111
42.0015	153.4720111
42.0455	153.4720111
42.097	153.4720111
42.151	153.4720111
42.1975	153.2655565
42.249	153.1513069
42.3	153.1513069
42.347	153.1513069
42.3975	153.1513069
42.446	152.9291618
42.502	152.9526574
42.5505	152.9291618
42.599	152.9347986
42.6515	152.9394969
42.697	152.9683955
42.7515	152.7617816
42.802	152.7617816
42.8505	152.7284337
42.899	152.613431
42.9505	152.6387328
42.9995	152.4478693
43.0515	152.4632636
43.0995	152.4567038
43.153	152.4524878
43.199	152.4623264
43.252	152.3145553
43.3015	152.3233857
43.347	152.3145553
43.3975	152.3233857
43.4525	152.2968953
43.499	152.111238
43.5525	152.111238
43.6005	152.1191804
43.6495	151.883462
43.6995	151.883462
43.747	151.8922952
43.8	151.8922952
43.8515	151.8287023
43.903	151.7710734
43.9455	151.7710734
44.003	151.7710734
44.0495	151.7710734
44.097	151.5643471
44.15	151.5643471
44.2005	151.5624707
44.2475	151.5624707
44.297	151.5624707
44.3485	151.3066163
44.4005	151.3066163
44.4485	151.3066163
44.502	151.3154469
44.548	151.329059
44.5965	151.1042941
44.6495	151.1000593
44.6955	151.1000593
44.7475	151.1168255
44.803	151.0112298
44.8465	150.8045403
44.8985	150.8045403
44.948	150.7957107
45.004	150.7957107
45.0465	150.7957107
45.1005	150.6179895
45.151	150.6179895
45.196	150.5553128
45.2495	150.4917674
45.299	150.5005923
45.3475	150.5005923
45.4035	150.4379416
45.4515	150.4379416
45.497	150.3338485
45.546	150.3250288
45.602	150.3250288
45.646	150.2238337
45.703	150.2238337
45.7525	150.1717301
45.7975	150.0278329
45.847	150.0278329
45.902	150.0278329
45.95	150.0278329
45.9995	150.0278329
46.048	149.7108806
46.095	149.7120036
46.1505	149.7082603
46.2015	149.6811404
46.25	149.7574405
46.303	149.5331834
46.3505	149.5331834
46.3965	149.5374158
46.45	149.5374158
46.5	149.4696471
46.546	149.2153421
46.6005	149.2153421
46.646	149.2153421
46.699	149.2153421
46.747	149.2153421
46.8025	149.0714298
46.8475	149.0714298
46.8995	149.0714298
46.949	149.0714298
46.998	149.0714298
47.046	148.8696743
47.104	148.8649616
47.1465	148.769976
47.2015	148.7287349
47.248	148.7484236
47.3	148.5418303
47.3455	148.5504709
47.4005	148.5321225
47.4475	148.5245993
47.5	148.5245993
47.5475	148.5245993
47.6005	148.4531177
47.648	148.4531177
47.702	148.4531177
47.7515	148.4531177
47.798	148.5157734
47.853	148.1913418
47.895	148.1913418
47.9505	148.1913418
48.003	148.1913418
48.0485	148.1913418
48.1	148.1819612
48.149	147.9753615
48.199	147.9753615
48.25	147.9753615
48.302	147.9379271
48.35	147.9379271
48.3995	147.9379271
48.45	147.6980083
48.4975	147.6803575
48.5495	147.6803575
48.602	147.6709538
48.646	147.5949316
48.699	147.5949316
48.75	147.3835771
48.7995	147.3977034
48.8475	147.3977034
48.9015	147.3977034
48.9495	147.3977034
49.003	147.4004862
49.052	147.1745305
49.0985	147.1657079
49.1485	147.1657079
49.1985	147.1657079
49.2485	147.0505331
49.297	147.0329466
49.349	147.0132387
49.403	147.0512628
49.4515	146.9991855
49.5025	147.0497829
49.5495	147.0497829
49.6015	146.9490538
49.6465	146.9490538
49.697	146.9490538
49.7495	146.9490538
49.801	146.7416496
49.8485	146.7416496
49.903	146.7458873
49.945	146.7458873
50.0005	146.7458873
50.049	146.6859055
50.1005	146.6354897
50.15	146.6657363
50.2025	146.5688573
50.2485	146.4257755
50.3	146.4257755
50.3495	146.4257755
50.4015	146.4257755
50.45	146.3533803
50.5025	146.3533803
50.5495	146.3533803
50.601	146.2722505
50.648	146.258733
50.6995	146.226931
50.751	146.2180903
50.797	146.0113001
50.849	146.0113001
50.902	146.0113001
50.95	146.0113001
50.9985	145.8635353
51.0485	145.8297627
51.103	145.8297627
51.149	145.837713
51.2005	145.7379089
51.248	145.7379089
51.2975	145.6655079
51.3505	145.6743362
51.3975	145.6655079
51.4535	145.6655079
51.495	145.6650382
51.5465	145.4585371
51.602	145.4199509
51.652	145.3354118
51.6975	145.4068938
51.7505	145.3610019
51.799	145.4111251
51.85	145.3652358
51.9005	145.1667682
51.9535	145.0994175
52	145.108243
52.046	145.108243
52.0975	145.0702824
52.15	145.1047169
52.1985	145.1047169
52.2485	145.033204
52.3	144.8267199
52.35	144.8267199
52.403	144.7746833
52.4535	144.7746833
52.5005	144.7746833
52.5475	144.7793984
52.598	144.7841145
52.65	144.7929324
52.6975	144.7208981
52.747	144.7208981
52.7995	144.6229413
52.851	144.5207271
52.897	144.4963052
52.9505	144.4822285
52.998	144.4822285
53.0475	144.4822285
53.1005	144.4166622
53.149	144.4822285
53.202	144.4260693
53.2485	144.4307505
53.2995	144.2193653
53.35	144.2193653
53.4015	144.1734532
53.451	144.1734532
53.5005	144.1401341
53.5475	144.1078044
53.5965	143.8922866
53.6495	143.8922866
53.6985	143.8848665
53.749	143.8848665
53.7975	143.8848665
53.849	143.8848665
53.8975	143.8769209
53.9505	143.8769209
53.999	143.8769209
54.045	143.8592648
54.1025	143.8550371
54.152	143.8550371
54.2	143.7826556
54.2525	143.6476562
54.3025	143.6564775
54.349	143.5901758
54.4	143.5901758
54.4515	143.5901758
54.499	143.5186672
54.5475	143.5186672
54.6005	143.5186672
54.651	143.5186672
54.701	143.1924977
54.7485	143.1971866
54.7985	143.2047201
54.8465	143.2126674
54.9005	143.2126674
54.9455	143.2126674
54.997	143.1793746
55.052	143.1166575
55.0975	143.1213474
55.1515	143.1213474
55.196	142.9190007
55.249	142.9190007
55.2965	142.9190007
55.3495	142.8767019
55.4015	142.8767019
55.449	142.8987805
55.501	142.8855314
55.5515	142.7002584
55.599	142.7002584
55.652	142.6036476
55.6985	142.6135345
55.748	142.5994118
55.799	142.5660265
55.8465	142.5660265
55.9025	142.5660265
55.9505	142.5660265
56.0005	142.4689419
56.054	142.4689419
56.0975	142.4689419
56.1525	142.4689419
56.198	142.4383462
56.2505	142.2318273
56.3	142.2238876
56.35	142.2238876
56.3975	142.2238876
56.4495	142.1692966
56.4995	142.1692966
56.5495	142.1692966
56.597	142.1692966
56.6515	142.1692966
56.697	142.1692966
56.753	142.0929219
56.798	142.0929219
56.8485	142.0929219
56.9015	142.0929219
56.9495	142.0929219
56.9985	142.0546091
57.052	142.0546091
57.1005	141.9104968
57.1465	141.9104968
57.1985	141.9104968
57.2535	141.9104968
57.2955	141.7673488
57.3525	141.7673488
57.395	141.7673488
57.4525	141.7673488
57.5025	141.5607214
57.552	141.4997127
57.5995	141.4997127
57.6505	141.4997127
57.696	141.4903431
57.7515	141.282798
57.8005	141.282798
57.851	141.282798
57.9025	141.2799798
57.9495	141.282798
58.0005	141.2846771
58.047	141.2508814
58.1005	141.212461
58.152	140.996935
58.1995	140.9495702
58.2465	140.9495702
58.3	140.9495702
58.347	140.9495702
58.3995	140.9495702
58.4525	140.9407352
58.4985	140.9407352
58.5465	140.9272159
58.597	140.7382155
58.6465	140.7285044
58.6975	140.7285044
58.7505	140.7285044
58.7995	140.7285044
58.8485	140.7285044
58.8995	140.5220119
58.9475	140.5220119
59	140.5220119
59.049	140.5177725
59.1025	140.5177725
59.1505	140.5218851
59.196	140.4364545
59.2515	140.4452861
59.301	140.2387073
59.35	140.2387073
59.4	140.2387073
59.4525	140.2642996
59.4955	140.2642996
59.5525	140.2642996
59.597	140.2642996
59.654	140.2690026
59.696	140.0578719
59.752	140.0625887
59.7985	140.0296559
59.851	140.0296559