0.369   43.5931
0.447   44.1897
0.499   45.4955
0.563   46.6228
0.641   47.3302
0.686   48.3696
0.758   51.828
0.823   52.2079
0.875   53.169
0.952   53.9937
1.041   53.9863
1.069   58.945
1.16   64.7697
1.199   64.9796
1.302   65.6432
1.33   65.0788
1.357   65.1505
1.458   65.5134
1.51   65.52
1.575   64.6449
1.614   65.0817
1.691   65.1627
1.752   65.4159
1.795   66.9166
1.873   66.9253
1.938   66.4493
2.015   67.8678
2.054   67.08
2.107   68.1786
2.223   68.2365
2.236   69.2127
2.34   69.3004
2.391   69.4267
2.462   69.5229
2.508   69.6465
2.573   69.7617
2.625   69.831
2.728   69.995
2.778   70.0574
2.832   70.173
2.884   70.2311
2.936   70.3333
3.027   70.4129
3.079   70.5152
3.13   70.6734
3.173   70.7039
3.286   70.8106
3.312   70.9342
3.377   71.5314
3.442   72.3916
3.506   73.2532
3.571   74.7296
3.636   75.2153
3.714   76.1575
3.779   77.71
3.804   78.4158
3.882   79.1277
3.947   80.637
4.025   81.2963
4.09   81.6266
4.168   82.0277
4.206   82.5059
4.232   82.5743
4.336   82.022
4.401   82.7249
4.453   82.2848
4.554   82.5356
4.595   82.0493
4.712   82.3807
4.751   82.8205
4.855   83.5892
4.881   83.2979
4.971   83.9312
5.049   83.8439
5.062   84.9658
5.146   84.1772
5.205   84.861
5.334   84.7431
5.423   84.2955
5.503   83.9089
5.58    83.3243
5.671   83.0128
5.762   82.5974
5.817   82.2042
5.892   82.9991
5.944   81.8913
6.009   81.4252
6.047   81.3867
6.094  81.0876
6.19   80.9565
6.242   80.6599
6.307   80.8648
6.37   80.9725
6.449   81.7487
6.514   81.4371
6.579   81.3269
6.646   81.2364
6.773   81.7169
6.825   80.5827
6.955   80.3003
7.001   80.1015
7.111   79.9776
7.238   79.8902
7.383   79.0617
7.499   78.9965
7.554   78.7165
7.629   78.4807
7.694   78.1853
7.83   77.4834
7.888   77.3973
7.988   77.1659
8.044   76.7457
8.109   76.7315
8.174   76.6543
8.264   76.1148
8.29   75.9216
8.381   75.9799
8.472   75.624
8.58   75.2707
8.627   74.9963
8.731   75.1469
8.835   75.1069
8.939   74.9951
9.014   74.9428
9.081   74.8315
9.172   74.6755
9.211   74.2762
9.289   74.1444
9.37   74.2639
9.405   73.7656
9.509   73.6094
9.678   73.7791
9.768   73.8668
9.843   74.1438
9.924   73.8603
10.066   73.6675
10.118   73.3954
10.235   73.313
10.287   73.1828
10.356   73.101
10.455   72.9477
10.585   72.813
10.65   72.8791
10.712   73.1838
10.857   73.2459
10.961   73.184
11.065   72.85
11.146   72.9214
11.259   73.1979
11.35   72.8856
11.428   72.7614
11.54   72.8168
11.622   72.6063
11.713   72.4419
11.817   72.2025
11.894   71.9963
11.959   71.9647
12.014   71.6338
12.076   71.4616
12.172   71.3279
12.283   71.3126
12.335   71.1885
12.409   70.985
12.478   70.8995
12.53   70.8489
12.595   70.7046
12.685   70.6831
12.75   70.2345
12.843   69.8125
12.971   69.5639
13.08   69.5124
13.113   69.5043
13.198   68.9418
13.269   68.4585
13.396   68.372
13.437   68.4975
13.514   68.3443
13.58   68.4966
13.645   68.5054
13.723   68.3032
13.8   68.3955
13.83   68.3214
13.917   68.3827
14.027   68.3033
14.086   68.1908
14.137   67.9783
14.224   67.7328
14.254   67.5553
14.332   67.4425
14.422   67.1623
14.462   66.9976
14.552   66.9719
14.565   66.837
14.643   66.9695
14.698   66.8696
14.786   66.6486
14.837   66.6203
14.928   66.5894
14.941   66.6003
15.014   66.5779
15.032   66.4532
15.123   66.4284
15.172   66.2874
15.291   66.2849
15.33   66.2874
15.408   66.2427
15.487   65.9981
15.563   65.8132
15.628   65.8369
15.724   65.4273
15.797   65.1545
15.882   64.8565
15.965   64.5436
16.017   64.4917
16.079   64.2857
16.147   64.1015
16.199   63.9299
16.237   64.0045
16.315   63.884
16.395   63.7428
16.445   63.5149
16.562   63.2866
16.691   62.9501
16.79   62.8622
16.86   62.6623
16.912   62.6169
17.003   62.5793
17.016   62.3782
17.08   62.4523
17.145   62.2915
17.249   62.0953
17.343   62.0017
17.417   62.0687
17.461   62.0017
17.56   61.801
17.638   61.5643
17.703   61.2539
17.777   61.4309
17.832   61.1493
17.895   61.1397
17.949   61.1414