#Distance	DATA FILES _ TaM_oversampled (two data points in Gentile per point o algo)				#Radius	Vobs	Verr	Vgas	Vdisk	Vbul	These LUminosity are just placeholders	
#kpc	km/s	km/s	km/s	km/s	km/s	L/pc^2	L/pc^2
4.101	297.498	312.828	0.00E+00	177.926	215.9	0.1	0.1
4.519	305.47	315.894	1.00E-01	187.124	204.9	0.1	0.1
4.852	307.922	315.894	1.00E-01	195.095	200.5	0.1	0.1
5.27	309.149	317.12	0.00E+00	203.067	190.2	0.1	0.1
5.603	310.988	315.894	1.00E-01	207.972	185.9	0.1	0.1
6.021	312.828	317.733	1.00E-01	215.944	177.9	0.1	0.1
6.354	314.668	320.799	0.00E+00	223.302	169.3	0.1	0.1
6.772	316.507	322.639	1.00E-01	228.208	163.2	0.1	0.1
7.189	317.12	322.639	1.00E-01	230.66	158.3	0.1	0.1
7.523	318.347	323.252	0.00E+00	233.726	153.4	0.1	0.1
7.94	320.799	326.318	0.00E+00	237.405	148.5	0.1	0.1
8.274	321.413	325.092	0.00E+00	242.311	144.8	0.1	0.1
8.691	322.026	325.705	0.00E+00	244.764	141.1	0.1	0.1
9.025	322.639	326.318	0.00E+00	248.443	138.7	0.1	0.1
9.442	322.639	326.318	1.00E-01	250.896	135.6	0.1	0.1
9.776	322.639	326.318	0.00E+00	252.122	132.6	0.1	0.1
10.193	323.252	326.931	0	252.122	130.1	0.1	0.1
10.527	323.252	326.931	4.393	252.122	127.6	0.1	0.1
10.944	323.252	326.931	7.459	250.896	125.8	0.1	0.1
11.278	323.252	326.318	9.912	250.896	124.0	0.1	0.1
11.695	323.865	327.545	11.751	250.282	120.9	0.1	0.1
12.029	323.252	328.158	14.817	249.056	118.4	0.1	0.1
12.446	322.639	326.931	17.27	247.83	117.2	0.1	0.1
12.78	321.413	326.318	19.109	245.99	115.4	0.1	0.1
13.197	320.186	325.092	19.109	243.537	114.2	0.1	0.1
13.615	320.186	326.318	19.109	241.698	112.3	0.1	0.1
13.948	320.799	325.092	19.109	239.858	110.5	0.1	0.1
14.366	321.413	326.318	19.109	238.019	109.2	0.1	0.1
14.783	320.799	326.318	19.109	235.566	108.0	0.1	0.1
15.117	318.96	323.252	18.496	232.5	106.2	0.1	0.1
15.451	317.12	321.413	17.883	230.047	105.0	0.1	0.1
15.868	316.507	319.573	17.883	227.594	104.3	0.1	0.1
16.285	315.894	319.573	18.496	224.528	102.5	0.1	0.1
16.619	313.441	318.347	19.109	220.849	101.3	0.1	0.1
16.953	312.215	316.507	19.109	218.397	100.7	0.1	0.1
17.37	310.988	315.894	19.109	215.944	98.8	0.1	0.1
17.704	310.375	315.281	19.109	213.491	97.6	0.1	0.1
18.121	309.149	314.668	19.109	211.651	96.4	0.1	0.1
18.455	308.536	314.054	20.336	209.199	95.8	0.1	0.1
18.872	307.309	314.668	22.175	206.133	94.5	0.1	0.1
19.289	306.083	315.281	22.175	203.68	93.9	0.1	0.1
19.623	304.856	315.281	22.175	201.227	92.7	0.1	0.1
20.04	304.857	315.281	22.789	199.388	92.1	0.1	0.1
20.374	303.63	314.054	22.175	198.161	91.5	0.1	0.1
20.791	301.177	312.215	20.949	195.708	90.2	0.1	0.1
21.125	301.177	310.988	20.949	193.869	89.6	0.1	0.1
21.542	299.951	309.149	20.336	192.642	88.4	0.1	0.1
21.96	299.951	308.536	21.562	190.19	87.8	0.1	0.1
22.294	300.564	308.536	22.789	188.963	87.2	0.1	0.1
22.711	301.177	308.536	22.175	187.124	86.6	0.1	0.1
23.045	300.564	308.536	23.402	184.671	85.3	0.1	0.1
23.462	301.177	309.149	25.241	183.445	84.7	0.1	0.1
23.796	300.564	308.536	25.855	181.605	84.1	0.1	0.1
24.213	299.951	307.922	27.081	180.379	83.5	0.1	0.1
24.547	299.951	307.922	29.534	178.539	82.9	0.1	0.1
24.964	299.951	308.536	30.76	177.926	82.3	0.1	0.1
25.298	299.338	307.922	33.826	175.473	81.7	0.1	0.1
25.715	299.951	309.149	35.666	174.86	81.0	0.1	0.1
26.049	299.951	309.149	36.892	173.634	80.4	0.1	0.1
26.466	300.564	310.375	38.118	171.794	79.8	0.1	0.1
26.8	300.564	309.762	38.732	170.568	79.2	0.1	0.1
27.217	300.564	310.375	39.958	169.341	79.2	0.1	0.1
27.634	300.564	311.602	41.184	168.115	78.6	0.1	0.1
27.968	300.564	312.828	41.184	166.275	78.0	0.1	0.1
28.385	299.338	313.441	41.184	166.275	76.7	0.1	0.1
28.719	299.951	314.054	41.184	163.823	76.7	0.1	0.1
29.136	297.498	313.441	41.797	162.596	76.1	0.1	0.1
29.47	295.659	313.441	41.797	161.983	75.5	0.1	0.1
29.888	297.498	315.894	41.797	160.757	75.5	0.1	0.1
30.221	296.272	315.894	41.797	159.53	74.9	0.1	0.1
30.639	296.885	316.507	41.797	158.917	74.3	0.1	0.1
30.972	293.819	314.668	41.797	157.077	74.3	0.1	0.1
31.39	290.14	312.828	41.797	155.851	73.7	0.1	0.1
31.807	290.14	313.441	41.184	155.238	73.1	0.1	0.1
32.141	285.848	309.762	41.184	154.011	72.5	0.1	0.1
32.475	286.461	307.922	42.411	152.785	72.5	0.1	0.1
32.892	284.621	306.083	42.411	150.946	71.8	0.1	0.1
33.309	285.234	304.856	41.797	150.332	71.2	0.1	0.1
33.643	285.234	304.856	42.411	149.719	70.6	0.1	0.1
34.06	286.461	306.083	41.797	149.106	70.6	0.1	0.1
34.394	288.914	306.696	42.411	147.266	70.0	0.1	0.1
34.811	285.234	303.017	43.024	147.266	69.4	0.1	0.1
35.145	284.621	301.177	42.411	146.04	69.4	0.1	0.1
35.562	284.008	299.338	42.411	145.427	69.4	0.1	0.1
35.896	282.168	296.885	43.024	144.814	68.8	0.1	0.1
36.313	283.395	298.111	42.411	144.2	68.8	0.1	0.1
36.731	284.008	298.111	42.411	141.748	67.6	0.1	0.1
37.064	282.168	296.272	43.024	141.748	66.9	0.1	0.1
37.482	282.782	295.659	42.411	141.134	66.9	0.1	0.1
37.815	282.782	296.272	43.024	139.908	66.3	0.1	0.1
38.233	280.942	293.819	43.024	139.908	66.3	0.1	0.1
38.566	280.942	292.593	43.024	138.682	65.7	0.1	0.1
38.984	282.168	293.819	43.024	137.455	65.7	0.1	0.1
39.317	281.555	293.206	43.024	136.842	65.7	0.1	0.1
39.735	281.555	291.98	43.024	136.229	65.7	0.1	0.1
40.069	281.555	291.98	43.637	135.616	65.7	0.1	0.1
40.486	279.716	290.753	43.637	134.389	65.1	0.1	0.1
40.82	279.102	289.527	44.25	133.776	64.486	0.1	0.1
41.237	279.102	289.527	44.25	133.163	63.872	0.1	0.1
41.571	278.489	290.14	44.25	132.55	63.872	0.1	0.1
41.988	279.102	290.14	43.637	132.55	63.872	0.1	0.1
42.405	276.65	288.3	43.637	131.323	63.872	0.1	0.1
42.739	276.037	287.687	44.25	130.71	62.646	0.1	0.1
43.156	276.037	287.687	44.25	130.71	62.646	0.1	0.1
43.49	275.423	288.3	44.25	129.484	62.646	0.1	0.1
43.824	273.584	285.848	44.25	129.484	62.033	0.1	0.1
44.241	272.971	285.234	44.25	128.257	61.42	0.1	0.1
44.658	274.197	286.461	44.25	127.644	61.42	0.1	0.1
44.992	273.584	285.848	43.637	127.644	61.42	0.1	0.1
45.409	273.584	285.234	43.637	127.031	60.806	0.1	0.1
45.743	273.584	284.008	43.637	125.805	60.806	0.1	0.1
46.16	272.971	283.395	44.25	125.191	60.806	0.1	0.1
46.578	271.744	282.782	44.863	124.578	60.806	0.1	0.1
46.911	271.744	282.782	44.863	123.965	60.193	0.1	0.1
47.329	271.131	282.782	44.863	123.352	59.58	0.1	0.1
47.663	271.131	282.168	45.477	123.352	58.967	0.1	0.1
48.08	271.131	282.782	45.477	122.126	58.967	0.1	0.1
48.414	272.357	283.395	46.09	122.126	58.967	0.1	0.1
48.831	272.971	284.621	46.703	121.512	58.354	0.1	0.1
49.165	274.197	286.461	47.316	120.899	58.354	0.1	0.1
49.582	275.423	288.3	47.316	120.899	58.354	0.1	0.1
49.916	277.876	290.753	47.316	120.286	57.74	0.1	0.1
50.333	280.942	293.819	46.703	119.673	57.74	0.1	0.1
50.667	279.716	292.593	47.316	119.673	57.74	0.1	0.1
51.084	279.716	291.366	46.703	118.446	57.74	0.1	0.1
51.418	280.329	290.753	46.09	117.833	57.127	0.1	0.1
51.835	282.782	293.819	47.316	117.833	57.127	0.1	0.1
52.252	282.782	293.819	47.316	117.22	56.514	0.1	0.1
52.586	284.008	295.045	47.316	116.607	56.514	0.1	0.1
52.92	282.782	303.017	46.703	116.607	56.514	0.1	0.1
53.337	284.621	295.045	47.316	115.994	56.514	0.1	0.1
53.754	285.848	299.951	46.916	115.994	56.514	0.1	0.1
54.088	284.008	294.432	46.703	115.38	55.901	0.1	0.1
54.506	283.395	292.593	46.09	114.767	55.288	0.1	0.1
54.923	282.168	291.366	46.09	114.154	55.288	0.1	0.1
55.257	279.102	289.527	46.09	114.154	55.288	0.1	0.1
55.674	277.263	288.3	46.09	113.541	55.288	0.1	0.1
56.008	277.876	290.753	45.477	112.928	55.288	0.1	0.1
56.341	284.008	295.045	46.09	112.928	54.674	0.1	0.1
56.759	287.687	299.338	45.477	111.701	54.674	0.1	0.1
57.176	288.914	299.951	45.477	111.701	54.674	0.1	0.1