#Distance
# Rad	Vobs	errV	Vgas	Vdisk	Vbul	SBdisk	SBbul
# kpc	km/s	km/s	km/s	km/s	km/s	L/pc^2	L/pc^2
0.01	0.35	4.08	-0.31	0.12	0.00	0.00	0.00
0.04	0.90	3.45	-0.69	0.27	0.00	0.00	0.00
0.06	1.88	4.34	-1.03	0.37	0.00	0.00	0.00
0.08	1.99	4.30	-1.42	0.48	0.00	0.00	0.00
0.11	3.09	3.46	-1.59	0.60	0.00	0.00	0.00
0.13	4.47	2.56	-1.82	0.74	0.00	0.00	0.00
0.16	4.42	2.87	-1.95	0.92	0.00	0.00	0.00
0.18	4.51	3.12	-1.58	1.06	0.00	0.00	0.00
0.21	4.63	3.65	0.84	1.19	0.00	0.00	0.00
0.23	6.34	3.16	1.19	1.30	0.00	0.00	0.00
0.25	7.51	2.86	1.20	1.45	0.00	0.00	0.00
0.28	8.66	2.92	0.67	1.61	0.00	0.00	0.00
0.30	10.49	2.49	1.49	1.78	0.00	0.00	0.00
0.33	10.43	2.47	2.42	1.90	0.00	0.00	0.00
0.35	11.59	2.26	2.83	2.01	0.00	0.00	0.00
0.38	12.11	2.15	3.00	2.09	0.00	0.00	0.00
0.40	12.93	2.00	3.11	2.18	0.00	0.00	0.00
0.42	13.78	1.82	3.46	2.28	0.00	0.00	0.00
0.45	14.58	2.02	3.80	2.38	0.00	0.00	0.00
0.47	15.20	1.85	4.21	2.49	0.00	0.00	0.00
0.50	15.34	2.09	4.51	2.58	0.00	0.00	0.00
0.52	15.41	2.08	4.74	2.66	0.00	0.00	0.00
0.55	16.56	2.27	5.21	2.73	0.00	0.00	0.00
0.57	16.64	2.41	5.71	2.82	0.00	0.00	0.00
0.59	16.94	2.40	6.13	2.92	0.00	0.00	0.00
0.62	17.63	2.30	6.30	3.03	0.00	0.00	0.00
0.64	18.23	2.29	6.59	3.16	0.00	0.00	0.00
0.67	19.04	2.15	6.87	3.27	0.00	0.00	0.00
0.69	19.60	2.11	7.24	3.35	0.00	0.00	0.00
0.72	19.60	2.15	7.47	3.41	0.00	0.00	0.00
0.74	20.54	2.25	7.79	3.47	0.00	0.00	0.00
0.76	21.26	2.65	8.18	3.55	0.00	0.00	0.00
0.79	21.87	3.13	8.48	3.62	0.00	0.00	0.00
0.81	21.97	3.12	8.71	3.70	0.00	0.00	0.00
0.84	20.99	3.09	8.81	3.79	0.00	0.00	0.00
0.86	22.25	3.85	8.94	3.90	0.00	0.00	0.00
0.88	22.37	3.94	9.08	3.99	0.00	0.00	0.00
0.91	22.32	4.17	9.04	4.07	0.00	0.00	0.00
0.93	22.93	4.11	9.32	4.13	0.00	0.00	0.00
0.96	23.48	3.78	9.58	4.17	0.00	0.00	0.00
0.98	24.02	3.70	9.75	4.21	0.00	0.00	0.00
1.01	24.49	3.73	10.05	4.26	0.00	0.00	0.00
1.03	25.54	3.87	10.14	4.29	0.00	0.00	0.00
1.05	25.86	3.85	9.95	4.32	0.00	0.00	0.00
1.08	26.17	3.74	9.97	4.35	0.00	0.00	0.00
1.10	26.12	3.40	9.93	4.38	0.00	0.00	0.00
1.13	26.68	3.36	10.05	4.41	0.00	0.00	0.00
1.15	26.85	3.09	10.13	4.45	0.00	0.00	0.00
1.18	27.71	3.17	10.29	4.48	0.00	0.00	0.00
1.20	28.21	3.53	10.40	4.50	0.00	0.00	0.00
1.22	27.98	3.82	10.54	4.52	0.00	0.00	0.00
1.25	27.67	3.44	10.61	4.51	0.00	0.00	0.00
1.27	27.25	3.28	10.68	4.53	0.00	0.00	0.00
1.30	26.98	3.21	10.61	4.56	0.00	0.00	0.00
1.32	27.14	3.25	10.62	4.59	0.00	0.00	0.00
1.35	27.74	3.44	10.75	4.62	0.00	0.00	0.00
1.37	27.74	3.56	10.82	4.65	0.00	0.00	0.00
1.39	28.28	3.21	10.68	4.64	0.00	0.00	0.00
1.42	28.31	3.18	10.73	4.66	0.00	0.00	0.00
1.44	28.16	3.29	10.72	4.68	0.00	0.00	0.00
1.47	28.36	3.28	10.61	4.70	0.00	0.00	0.00
1.49	27.96	3.54	10.64	4.73	0.00	0.00	0.00
1.52	28.84	3.23	10.87	4.78	0.00	0.00	0.00
1.54	29.29	3.21	10.99	4.81	0.00	0.00	0.00
1.56	29.57	3.29	10.90	4.85	0.00	0.00	0.00
1.59	29.64	3.60	10.90	4.88	0.00	0.00	0.00
1.61	29.96	3.47	10.92	4.90	0.00	0.00	0.00
1.64	30.49	3.35	10.88	4.92	0.00	0.00	0.00
1.66	30.82	3.47	10.81	4.95	0.00	0.00	0.00
1.68	31.28	3.33	10.75	4.97	0.00	0.00	0.00
1.71	31.16	3.63	11.00	4.98	0.00	0.00	0.00
1.73	31.33	3.68	11.13	5.00	0.00	0.00	0.00
1.76	31.69	3.41	11.15	5.03	0.00	0.00	0.00
1.78	31.95	3.36	11.35	5.04	0.00	0.00	0.00
1.81	32.31	3.32	11.42	5.06	0.00	0.00	0.00
1.83	31.78	3.61	11.80	5.06	0.00	0.00	0.00
1.85	32.00	3.68	11.72	5.06	0.00	0.00	0.00
1.88	31.70	3.58	11.81	5.03	0.00	0.00	0.00
1.90	32.11	3.49	11.90	5.01	0.00	0.00	0.00
1.93	32.26	3.46	11.89	5.00	0.00	0.00	0.00
1.95	33.03	3.49	11.88	4.99	0.00	0.00	0.00
1.98	33.16	3.57	11.76	4.98	0.00	0.00	0.00
2.00	32.93	4.08	11.66	4.98	0.00	0.00	0.00
2.02	32.74	3.95	11.81	4.97	0.00	0.00	0.00
2.05	32.42	3.77	11.82	4.95	0.00	0.00	0.00
2.07	32.67	3.75	11.90	4.96	0.00	0.00	0.00
2.10	32.43	3.65	11.84	4.97	0.00	0.00	0.00
2.12	32.12	3.63	11.80	4.97	0.00	0.00	0.00
2.15	32.28	3.53	11.76	4.97	0.00	0.00	0.00
2.17	32.60	3.61	11.69	4.97	0.00	0.00	0.00
2.19	33.00	3.70	11.75	4.97	0.00	0.00	0.00
2.22	33.62	3.98	11.93	4.97	0.00	0.00	0.00
2.24	33.30	4.08	12.03	4.98	0.00	0.00	0.00
2.27	33.75	3.90	12.05	4.97	0.00	0.00	0.00
2.29	33.55	3.89	11.94	4.97	0.00	0.00	0.00
2.31	33.46	3.94	11.89	4.98	0.00	0.00	0.00
2.34	32.55	4.03	12.01	4.99	0.00	0.00	0.00
2.36	32.23	3.85	12.00	4.98	0.00	0.00	0.00
2.39	31.44	4.01	12.02	4.97	0.00	0.00	0.00
2.41	32.09	4.06	12.06	4.98	0.00	0.00	0.00
2.44	32.57	4.02	12.09	4.98	0.00	0.00	0.00
2.46	33.24	4.10	12.14	4.96	0.00	0.00	0.00
2.48	32.95	4.03	12.24	4.97	0.00	0.00	0.00
2.51	33.06	3.91	12.26	5.00	0.00	0.00	0.00
2.53	31.63	4.28	12.17	5.00	0.00	0.00	0.00
2.56	31.25	3.82	12.06	4.98	0.00	0.00	0.00
2.58	31.57	3.95	12.07	5.00	0.00	0.00	0.00
2.61	31.36	4.17	11.98	4.98	0.00	0.00	0.00
2.63	31.30	4.19	12.00	4.96	0.00	0.00	0.00
2.65	31.03	4.29	12.10	4.95	0.00	0.00	0.00
2.68	29.92	4.52	12.03	4.94	0.00	0.00	0.00
2.70	29.12	4.63	12.10	4.91	0.00	0.00	0.00
2.73	31.40	4.40	12.18	4.87	0.00	0.00	0.00
2.75	33.59	3.98	12.22	4.85	0.00	0.00	0.00
2.78	33.49	3.97	12.21	4.83	0.00	0.00	0.00
2.80	33.50	3.94	12.19	4.82	0.00	0.00	0.00
2.82	33.35	4.05	12.10	4.80	0.00	0.00	0.00
2.85	33.54	3.96	12.11	4.79	0.00	0.00	0.00
2.87	33.12	3.91	12.17	4.80	0.00	0.00	0.00
2.90	31.16	4.25	12.11	4.77	0.00	0.00	0.00
2.92	30.48	4.49	12.14	4.75	0.00	0.00	0.00
2.95	32.70	4.19	12.09	4.74	0.00	0.00	0.00
2.97	34.76	3.92	12.12	4.74	0.00	0.00	0.00
2.99	33.31	3.89	12.18	4.71	0.00	0.00	0.00
3.02	34.14	3.77	12.31	4.72	0.00	0.00	0.00
3.04	33.45	4.09	12.41	4.73	0.00	0.00	0.00
3.07	31.28	3.61	12.34	4.74	0.00	0.00	0.00
3.09	26.49	4.34	12.31	4.76	0.00	0.00	0.00
3.11	27.32	4.25	12.25	4.77	0.00	0.00	0.00
3.14	32.70	4.26	12.34	4.78	0.00	0.00	0.00
3.16	24.42	6.59	12.47	4.76	0.00	0.00	0.00
3.19	1.46	5.05	12.61	4.75	0.00	0.00	0.00
3.21	2.96	3.97	12.73	4.73	0.00	0.00	0.00
3.24	5.57	3.37	12.81	4.71	0.00	0.00	0.00
3.26	7.06	3.82	12.83	4.69	0.00	0.00	0.00
3.28	3.38	3.97	12.93	4.67	0.00	0.00	0.00
3.31	3.84	3.86	13.08	4.67	0.00	0.00	0.00
3.33	2.17	3.86	13.29	4.66	0.00	0.00	0.00
3.36	1.74	4.31	13.47	4.69	0.00	0.00	0.00
3.38	2.72	3.75	14.08	4.68	0.00	0.00	0.00
